29325
29929
31166
35913
43468
41110
54726
9087
44127
61663
7038
45472
4819
37077
49335
6547
7445
17424
43617
4124
22829
9539
12918
17333
31880
25678
14264
49262
17059
52725
1912
32741
17829
46153
29618
23802
2466
5713
44048
21068
26259
19360
58934
57487
16638
42445
44057
14404
2831
23101
56711
45055
57538
2723
24526
46789
38635
40558
55853
49220
47001
2844
11233
12322
60419
41328
59128
33081
38333
31286
42570
26423
33796
29276
39720
29490
34673
38086
62581
30821
48084
58277
31734
5099
24174
48211
58035
64262
60300
58273
4640
7573
39649
64849
34849
61490
35654
25799
20260
59646
32187
11906
50540
7680
45609
28309
52559
8736
44947
40850
36888
30877
45696
23640
3289
58509
28750
15679
50996
17632
29387
829
4004
50050
46401
51621
16814
45627
26885
30051
40027
14237
62622
18292
57768
50223
51866
23522
261
27269
40516
65327
47996
34203
39113
28145
25681
24304
27471
38332
51794
43667
44650
24487
37932
480
48899
33756
16258
63389
55634
48898
51039
51207
19686
56927
13593
65397
22222
39461
63306
6305
6445
50976
28470
2743
49142
30217
19969
60734
45517
3870
58156
18201
36800
4359
42069
48192
12235
35397
61064
44562
61993
43250
12949
64017
10671
21946
33640
27917
30930
181
26126
15186
16674
55733
4830
64405
42716
11685
17560
18564
24359
41030
43301
30216
764
18677
59062
16874
881
12939
33536
17871
33781
32269
22551
18608
17605
3637
24190
39457
47360
37530
40316
143
16759
28005
60665
46790
1239
61866
46680
41842
51295
2869
5905
43125
40791
30512
12193
20196
62427
18307
14062
32939
55041
46498
17588
43327
18883
3273
2086
54568
14528
13237
39492
64235
46172
41756
53222
57709
55746
11347
22179
24094
20911
11170
11101
21203
64596
44876
47603
46578
42969
55300
1414
31290
44537
40303
24577
46018
17962
4553
28859
22605
51773
57082
1249
20508
15413
44430
33732
48091
757
24475
64644
49864
6438
63107
58685
29659
11252
53095
36060
13209
22269
54965
25485
26870
3423
58509
354
5154
11902
41209
53969
19658
27935
56734
40428
20599
53752
2442
27998
28472
54588
20660
36408
19351
63041
43690
7888
13414
55799
59353
36524
59936
25206
2784
29902
39004
18438
34660
21010
50293
63579
31386
27616
10067
45130
32585
38747
63349
18563
18249
61972
54303
15313
54396
31162
61790
20101
45645
50256
8277
36880
25575
50328
1682
25319
53828
15995
7183
53391
40095
64558
36926
51605
1407
53739
56688
30864
54088
23253
54580
34041
58563
6344
12869
56409
48358
14925
865
16153
46496
59448
30834
40737
29557
16261
3777
11080
13286
22172
48124
20447
33562
9917
24752
48205
10781
26160
29666
44146
58051
15604
57593
60441
47361
59331
30998
49113
26484
27393
2065
39775
24161
13422
7503
11639
13752
13784
22598
16567
50150
36984
39290
32924
61658
16064
53739
47118
7842
25802
26118
17623
60393
40341
46260
33946
28782
65443
29021
182
27815
58950
9936
16530
19566
14448
37676
59905
9446
51767
10375
18267
55373
9727
3436
20390
25335
3381
37190
57319
41984
4451
26168
17094
7717
62749
45439
20101
39463
62275
26591
64936
61551
29293
39608
15963
47957
5244
40662
58509
17133
65369
64948
58421
36579
56883
16229
49552
28309
39460
1164
5506
13318
32983
63279
2591
22353
20167
36129
20367
50768
56488
53507
37307
5022
31543
44630
21612
22759
441
64396
2814
34591
22737
32972
37891
9214
45202
62920
7450
29393
23723
47676
4417
41066
32739
24167
41304
25061
45037
51347
54385
13670
44774
25969
53573
1628
22624
49263
17694
52424
14179
43484
52106
3304
43217
41120
63251
6740
25987
7914
55982
11193
14339
8913
36696
41701
5837
28541
22071
13357
60496
36733
26438
39055
50445
14261
52193
15252
41253
53697
32006
28932
44277
22411
23538
33661
35579
21969
4640
46031
46011
37686
55511
42550
50576
4865
4581
56890
10767
45203
18309
45174
26469
32954
64223
25326
11796
17120
54119
15725
3279
7113
36753
48032
14672
24690
9660
24211
3113
36821
1067
15200
23211
36940
21947
5381
27622
36605
47115
53330
47101
22452
21459
26182
17052
57309
52005
11250
13762
61995
51177
41654
24641
12416
2207
55594
36586
59492
55150
18444
65333
51962
45398
40907
47594
27942
11670
1701
49878
24245
43534
13638
13174
41267
60715
54409
30892
44973
29291
41644
43669
8601
59566
42331
59516
8989
4892
63565
38131
36365
39622
21161
32453
53092
58048
57216
26011
1848
56885
31819
50293
60188
39527
23415
31624
65293
20943
44227
26076
13741
46029
37407
24754
6039
43559
55766
557
14813
29849
50786
40322
14038
61431
28097
7189
6419
23384
50537
14300
26771
53102
25043
19243
58469
56295
59550
61469
41294
43504
38728
15694
26267
31368
30353
29129
63394
4333
34721
11831
43198
24042
40197
63678
29637
44511
39405
15039
26852
25024
30397
24364
9991
24731
59059
23735
12619
36040
36826
9124
55153
35433
63590
60234
48113
36438
9182
47619
11750
4536
8873
13114
54596
37048
57505
25865
65376
42823
24256
6536
65169
16159
20946
59864
64578
15123
14314
49726
42829
22222
14536
43452
51905
23676
13980
58499
62058
31941
64714
4588
21470
30302
26047
52257
41788
23078
4104
56361
54418
29974
370
2087
64435
13056
40432
20067
5881
27045
6903
27986
3061
17500
6036
33499
4540
10886
460
25191
12674
14228
15188
50521
3581
51144
36363
25513
19068
57952
1282
15728
24198
58767
64664
18962
28618
23596
35872
28913
42243
46357
59847
10750
57111
10898
13830
42237
40054
20927
7018
35941
7160
59402
51719
51031
25160
48366
14203
23787
13735
20797
58847
21740
16784
37003
14547
9798
36149
5761
2305
42417
5757
50573
28584
7629
28180
10338
60825
8521
31227
39152
8112
3643
18767
30546
11850
8976
2046
44753
23097
26857
27117
18389
18441
49033
15628
4275
34436
42001
34622
19918
57243
12358
39406
35107
10043
37847
45084
47793
53901
26302
63151
11310
53202
39738
43093
19413
951
10683
12342
37235
59675
26900
63437
12062
920
11332
42557
25016
55420
29916
39188
17835
44332
49202
20840
24391
22888
38348
27503
58731
36854
8669
37808
64918
23849
56981
19102
48021
34919
56705
18308
61911
37142
24281
62682
56192
14306
31307
64568
58254
49069
35574
46546
22104
9726
27199
49320
35144
40268
53751
9121
61854
13520
14673
22331
